List A:
1994605
2006392
2013897
2019596
2020213
1970458
1796711
1832443
2014241
2027847
2081686
1823897
2090025
2072370
1763643
1969447
2113340
1819275
1997540
2006389
2042069
2103953
2117929
2116662
2062196
2106321
2014810
2041639
2095498
2062170
2363964
2315022
2032855
2033075
2038324
2042488
2020124
2038648
2040018
2044033
2004025
2018295
2024302
2029138
1966196
2095904
2081401
1997002
2095638
2060176
2011586
1978692
2111423
2066042
2030720
1989315
2002891
1818092
2103556
2101051
1998222
2060698
1963916
1826487
1962805
1962846
1992961
2002747
2007689
2008153
2015695
2014644
2082746
2028609
1785425
2082270
2078320
2087069
2041662
1825544
2102564
1969827
2102004
1969996
1831714
1977304
2020086
1591462
4025738
1654511
1590799
1590796
1590797
1590798
2309997
1998596
4025734
1591084
1604865
2137499
1616729
4047263
1594675
1594678
1655125
1647516
2131598
1590918
1653229
4054311
4054317
4054317
4054317
4054317
4054325
1590805
1888306
2412008
5293531
1648822
1636361
1636371
1874179
2026245
2041673
2067674
2088189
2097209
1783429
1794764
2083847
1923426
2069989
2086696
2075369
1977448
2114589
1819306
1969133
1990669
2113114
2098655
1980689
2012842
2028440
2034163
2068020
2747721


List B:
1588275
1588292
1588396
1588462
1588465
1588544
1588547
1588589
1588631
1588680
